atlanta|2026-09-02|24|35.0|25.0|10.0|33.89|1.11|27.78|21.67|6.11|69.45|~|7.22|2.89|4|3.56|7.00|0.000|~|0.8015|-0.2038|2026-10-04T04:55:43.556730
atlanta|2026-09-03|24|35.0|25.0|10.0|35.0|0.0|27.78|22.22|5.56|71.84|~|7.22|2.67|4|6.33|11.00|0.000|~|-0.4690|0.5863|2026-10-04T04:55:43.556730
atlanta|2026-09-04|24|34.44|24.44|10.00|35.0|-0.56|26.11|22.22|3.89|79.22|~|8.33|3.56|6|5.22|8.00|0.000|~|-0.8706|-0.0060|2026-10-04T04:55:43.556730
atlanta|2026-09-05|30|36.11|23.33|12.78|34.44|1.67|26.67|22.22|4.45|76.67|~|9.44|3.11|4|4.44|8.00|0.560|~|0.4065|-0.2577|2026-10-04T04:55:43.556730
atlanta|2026-09-06|130|34.44|22|12.44|36.11|-1.67|24.44|21.67|2.77|84.55|~|10.00|0.94|6|5.24|8.01|0.000|~|0.1494|-0.8479|2026-10-04T04:55:43.556730
atlanta|2026-09-07|28|27.78|22.22|5.56|34.44|-6.66|22.78|21.11|1.67|90.34|~|5.00|4.44|6|10.00|13.00|0.000|~|-0.9010|0.0655|2026-10-04T04:55:43.556730
atlanta|2026-09-08|24|31.11|21.67|9.44|27.78|3.33|23.33|18.89|4.44|76.14|~|7.78|2.22|4|7.56|10.00|0.000|~|-0.9251|0.1760|2026-10-04T04:55:43.556730
atlanta|2026-09-09|24|31.67|21.67|10.00|31.11|0.56|23.33|18.89|4.44|76.14|~|8.34|2.44|4|6.22|7.00|0.000|~|-0.8338|0.2473|2026-10-04T04:55:43.556730
atlanta|2026-09-10|24|32.22|22.78|9.44|31.67|0.55|24.44|21.11|3.33|81.72|~|7.78|4.00|6|3.67|7.00|0.000|~|0.3428|0.4386|2026-10-04T04:55:43.556730
atlanta|2026-09-11|38|31.11|21.67|9.44|32.22|-1.11|25.56|22.22|3.34|81.86|~|5.55|4.10|6|6.62|26.00|3.090|~|0.0592|0.2301|2026-10-04T04:55:43.556730
atlanta|2026-09-12|177|29|22.22|6.78|31.11|-2.11|22.78|22.22|0.56|96.69|~|6.22|4.73|8|4.21|9.00|1.500|~|0.6980|0.4815|2026-10-04T04:55:43.556730
atlanta|2026-09-13|336|32.22|22|10.22|29|3.22|23|22|1|94.105818040075|~|9.22|1.34|6|7.61|11.99|0.000|~|0.7478|-0.5382|2026-10-04T04:55:43.556730
atlanta|2026-09-14|334|34|22|12|32.22|1.78|25.6|19.4|6.2|68.612054435067|~|8.4|1.31|4|6.81|11.08|0.000|~|-0.5550|-0.7173|2026-10-04T04:55:43.556730
atlanta|2026-09-15|336|32.22|23.89|8.33|34|-1.78|24|20|4|78.354092127266|~|8.22|3.75|6|8.80|12.05|0.000|~|-0.9446|-0.1955|2026-10-04T04:55:43.556730
atlanta|2026-09-16|342|32|22.78|9.22|32.22|-0.22|23|21|2|88.518307938961|~|9|5.28|8|4.95|11.08|0.000|~|-0.8704|-0.0977|2026-10-04T04:55:43.556730
atlanta|2026-09-17|335|32|21|11|32|0|23.33|18.33|5.00|73.54|~|8.67|1.42|2|5.02|11.99|0.000|~|-0.3088|-0.3688|2026-10-04T04:55:43.556730
atlanta|2026-09-18|335|34|21.67|12.33|32|2|25|20.6|4.4|76.589075240688|~|9|1.05|4|5.00|9.00|0.000|~|0.6104|-0.5515|2026-10-04T04:55:43.556730
atlanta|2026-09-19|344|33|21.67|11.33|34|-1|24|19|5|73.632873645268|~|9|0.53|6|4.50|8.01|2.917|~|-0.7970|-0.1851|2026-10-04T04:55:43.556730
atlanta|2026-09-20|342|31.11|21.67|9.44|33|-1.89|22|21|1|94.06252427588|~|9.11|4.58|8|3.66|8.01|0.000|~|-0.8127|0.0185|2026-10-04T04:55:43.556730
atlanta|2026-09-21|340|32.22|22|10.22|31.11|1.11|23|19|4|78.209169794993|~|9.22|2.61|6|3.28|8.01|0.000|~|0.0114|0.0427|2026-10-04T04:55:43.556730
atlanta|2026-09-22|336|30|22|8|32.22|-2.22|23.89|20|3.89|78.9|1016.3|6.11|2.66|6|8.32|14.00|0.000|~|-0.8982|-0.1705|2026-10-04T04:55:43.556730
atlanta|2026-09-23|350|28|20|8|30|-2|22|21|1|94.06252427588|~|6|5.75|8|8.93|15.00|0.000|~|-0.9579|-0.0809|2026-10-04T04:55:43.556730
atlanta|2026-09-24|345|21.11|17|4.11|28|-6.89|17|16|1|93.838813960785|~|4.11|7.85|8|9.35|13.00|0.000|~|-0.8517|-0.4534|2026-10-04T04:55:43.556730
atlanta|2026-09-25|340|25|15.56|9.44|21.11|3.89|17|12|5|72.401374699018|~|8|4.81|8|6.59|13.00|0.000|~|0.2123|-0.6385|2026-10-04T04:55:43.556730
atlanta|2026-09-26|336|27|15.56|11.44|25|2|16|12|4|77.155040268598|~|11|0.39|6|5.45|11.00|0.000|~|0.5037|-0.2272|2026-10-04T04:55:43.556730
atlanta|2026-09-27|335|27.22|13|14.22|27|0.22|13|9|4|76.681069549305|~|14.22|0.35|4|5.95|11.99|0.000|~|0.5489|-0.4780|2026-10-04T04:55:43.556730
atlanta|2026-09-28|335|27|13|14|27.22|-0.22|16|10|6|67.563332617801|~|11|1.58|4|4.58|9.00|0.000|~|0.1236|-0.3515|2026-10-04T04:55:43.556730
atlanta|2026-09-29|334|29|15.56|13.44|27|2|18|11|7|63.624996508331|~|11|0.86|2|3.63|9.00|0.000|~|-0.6320|0.2528|2026-10-04T04:55:43.556730
atlanta|2026-09-30|341|31|16.67|14.33|29|2|17.0|16.0|1.0|93.84|~|14.0|3.47|8|5.02|9.00|0.000|~|-0.7133|0.4164|2026-10-04T04:55:43.556730
atlanta|2026-10-01|345|30|18|12|31|-1|19|19|0|100|~|11|5.47|8|6.62|11.00|0.000|~|-0.7652|0.5213|2026-10-04T04:55:43.556730
atlanta|2026-10-02|343|29|21|8|30|-1|22|21|1|94.06252427588|~|7|6.15|8|3.13|11.00|0.000|~|-0.4645|0.6847|2026-10-04T04:55:43.556730
atlanta|2026-10-03|353|30|21|9|29|1|22|22|0|100|~|8|4.12|8|4.53|13.00|0.222|~|0.5790|-0.0505|2026-10-04T04:55:43.556730
atlanta|2026-10-04|5|24|24|0|30|-6|~|~|~|~|~|~|~|~|~|~|0.000|~|~|~|2026-10-04T04:55:43.556730
austin|2026-09-02|24|37.78|23.33|14.45|37.78|0.00|28.33|23.33|5.00|74.4|~|9.45|2.89|4|5.00|8.00|0.000|~|0.6690|0.6922|2026-10-04T04:55:44.072276
austin|2026-09-03|24|37.22|26.67|10.55|37.78|-0.56|28.89|23.89|5.00|74.49|~|8.33|3.40|6|9.40|19.00|0.000|~|-0.2333|0.7397|2026-10-04T04:55:44.072276
austin|2026-09-04|27|35.0|26.67|8.33|37.22|-2.22|27.22|24.44|2.78|84.85|~|7.78|2.36|6|6.09|10.00|0.000|~|-0.3377|0.7625|2026-10-04T04:55:44.072276
austin|2026-09-05|31|37.78|22.78|15.00|35.0|2.78|26.67|24.44|2.23|87.66|~|11.11|3.20|6|5.30|8.00|0.000|~|-0.1933|0.4510|2026-10-04T04:55:44.072276
austin|2026-09-06|133|35.56|25|10.56|37.78|-2.22|28|24|4|78.920268070164|~|7.56|5.93|8|5.07|14.00|0.000|~|0.0727|0.4268|2026-10-04T04:55:44.072276
austin|2026-09-07|24|38.33|23.33|15.00|35.56|2.77|26.67|23.89|2.78|84.79|~|11.66|3.56|4|4.78|8.00|0.000|~|-0.2914|0.6585|2026-10-04T04:55:44.072276
austin|2026-09-08|24|37.78|24.44|13.34|38.33|-0.55|27.22|24.44|2.78|84.85|~|10.56|3.78|6|7.22|11.00|0.000|~|0.0183|0.9191|2026-10-04T04:55:44.072276
austin|2026-09-09|28|37.22|24.44|12.78|37.78|-0.56|28.33|25.0|3.33|82.21|~|8.89|4.55|6|7.73|14.00|0.000|~|-0.3423|0.7830|2026-10-04T04:55:44.072276
austin|2026-09-10|24|37.78|23.89|13.89|37.22|0.56|26.11|23.89|2.22|87.61|~|11.67|3.78|4|6.44|10.00|0.000|~|0.1473|0.8954|2026-10-04T04:55:44.072276
austin|2026-09-11|33|38.89|25.0|13.89|37.78|1.11|27.22|24.44|2.78|84.85|~|11.67|2.83|6|7.92|12.00|0.000|~|0.1158|0.9373|2026-10-04T04:55:44.072276
austin|2026-09-12|177|38|25.0|13.0|38.89|-0.89|27.22|23.89|3.33|82.07|~|10.78|2.53|8|8.64|13.00|0.000|~|-0.1216|0.8721|2026-10-04T04:55:44.072276
austin|2026-09-13|344|38|24|14|38|0|27|25|2|88.837515964517|~|11|4.26|8|9.50|18.00|0.000|~|-0.0604|0.9363|2026-10-04T04:55:44.072276
austin|2026-09-14|341|38.33|25.0|13.33|38|0.33|28|26|2|88.915283542252|~|10.33|3.36|6|10.09|15.00|0.000|~|-0.1442|0.9445|2026-10-04T04:55:44.072276
austin|2026-09-15|343|39|25.56|13.44|38.33|0.67|26.7|25|1.7|90.418719203707|~|12.3|0.66|4|10.77|15.00|0.000|~|-0.1444|0.9429|2026-10-04T04:55:44.072276
austin|2026-09-16|349|37.22|22.78|14.44|39|-1.78|25.56|22.78|2.78|84.67|~|11.66|4.31|8|6.02|11.00|0.000|~|-0.5487|0.4338|2026-10-04T04:55:44.072276
austin|2026-09-17|338|36|23|13|37.22|-1.22|26|23|3|83.565344534735|~|10|5.09|8|6.70|13.00|0.000|~|-0.8730|-0.1471|2026-10-04T04:55:44.072276
austin|2026-09-18|339|37|22|15|36|1|27|23|4|78.780719493487|~|10|2.58|6|7.21|13.00|0.000|~|-0.8424|0.1120|2026-10-04T04:55:44.072276
austin|2026-09-19|336|36.11|22|14.11|37|-0.89|23|21|2|88.518307938961|~|13.11|2.90|8|4.75|10.00|0.000|~|-0.2870|0.7201|2026-10-04T04:55:44.072276
austin|2026-09-20|336|37|21|16|36.11|0.89|26|22|4|78.63985107242|~|11|3.11|6|5.38|9.99|0.000|~|0.0254|0.6370|2026-10-04T04:55:44.072276
austin|2026-09-21|336|38|23|15|37|1|27|23|4|78.780719493487|~|11|1.19|6|5.19|11.00|0.000|~|-0.3583|0.4993|2026-10-04T04:55:44.072276
austin|2026-09-22|336|37.22|22|15.22|38|-0.78|26|22|4|78.63985107242|~|11.22|1.31|6|4.83|11.99|0.000|~|-0.7268|-0.1593|2026-10-04T04:55:44.072276
austin|2026-09-23|338|36|23|13|37.22|-1.22|28|22|6|69.922846558247|~|8|3.40|8|5.87|14.00|0.000|~|-0.4621|0.1152|2026-10-04T04:55:44.072276
austin|2026-09-24|335|37|22|15|36|1|23|22|1|94.105818040075|~|14|3.73|6|5.95|12.00|0.000|~|-0.8705|0.1785|2026-10-04T04:55:44.072276
austin|2026-09-25|341|37|22|15|37|0|26.1|23.3|2.8|84.592808399084|~|10.9|1.91|6|4.83|11.00|0.000|~|-0.8122|-0.1980|2026-10-04T04:55:44.072276
austin|2026-09-26|342|34|22|12|37|-3|24|21|3|83.338787521304|~|10|2.75|8|4.03|9.00|0.000|~|-0.2887|0.3668|2026-10-04T04:55:44.072276
austin|2026-09-27|337|37|19|18|34|3|22|19|3|83.107688157695|~|15|0.48|6|4.97|9.99|0.000|~|-0.1681|0.6512|2026-10-04T04:55:44.072276
austin|2026-09-28|335|37|21|16|37|0|23|20|3|83.223812842562|~|14|2.21|8|5.83|11.99|0.000|~|-0.5883|0.5503|2026-10-04T04:55:44.072276
austin|2026-09-29|343|36.7|23|13.7|37|-0.3|26|23|3|83.565344534735|~|10.7|4.11|8|8.44|15.01|0.000|~|-0.3487|0.8579|2026-10-04T04:55:44.072276
austin|2026-09-30|349|37|25|12|36.7|0.3|25|24|1|94.191011834057|~|12|4.40|8|11.73|17.00|0.397|~|-0.2085|0.9386|2026-10-04T04:55:44.072276
austin|2026-10-01|349|31|22.78|8.22|37|-6|26|25|1|94.232924970921|~|5|6.59|8|6.16|12.00|3.603|~|0.0027|0.2203|2026-10-04T04:55:44.072276
austin|2026-10-02|362|26|23|3|31|-5|24|23|1|94.148645022418|~|2|7.39|8|4.51|9.00|0.889|~|-0.2716|-0.7448|2026-10-04T04:55:44.072276
austin|2026-10-03|332|26|23|3|26|0|24|23|1|94.148645022418|~|2|8.00|8|10.95|14.00|0.000|~|-0.0207|-0.9840|2026-10-04T04:55:44.072276
chicago|2026-09-02|24|35.0|25.56|9.44|34.44|0.56|28.33|21.11|7.22|65.0|~|6.67|2.44|4|9.44|13.00|0.000|~|0.8471|0.4925|2026-10-04T04:55:46.023485
chicago|2026-09-03|24|32.22|26.11|6.11|35.0|-2.78|29.44|21.67|7.77|63.06|~|2.78|2.00|2|8.33|16.00|0.000|~|-0.1909|-0.2425|2026-10-04T04:55:46.023485
chicago|2026-09-04|26|33.89|24.44|9.45|32.22|1.67|26.67|22.78|3.89|79.3|~|7.22|2.00|2|10.89|18.00|0.000|~|-0.3386|0.3201|2026-10-04T04:55:46.023485
chicago|2026-09-05|37|26.67|22.22|4.45|33.89|-7.22|25.0|21.67|3.33|81.79|~|1.67|5.57|8|12.07|19.00|0.000|~|-0.4285|-0.8822|2026-10-04T04:55:46.023485
chicago|2026-09-06|130|25.56|20.56|5.00|26.67|-1.11|23|19|4|78.209169794993|~|2.56|3.12|6|7.36|14.00|0.000|~|-0.8934|-0.2656|2026-10-04T04:55:46.023485
chicago|2026-09-07|24|26.67|18.33|8.34|25.56|1.11|22.22|15.0|7.22|63.65|~|4.45|3.11|6|7.33|10.00|0.000|~|-0.8873|-0.0169|2026-10-04T04:55:46.023485
chicago|2026-09-08|24|29.44|18.33|11.11|26.67|2.77|20.0|13.89|6.11|67.89|~|9.44|2.00|2|6.67|13.00|0.000|~|0.0693|0.8902|2026-10-04T04:55:46.023485
chicago|2026-09-09|34|26.11|21.67|4.44|29.44|-3.33|22.22|21.11|1.11|93.44|~|3.89|3.88|6|9.71|12.00|0.080|~|0.9666|0.1779|2026-10-04T04:55:46.023485
chicago|2026-09-10|24|25.0|18.33|6.67|26.11|-1.11|21.11|14.44|6.67|65.72|~|3.89|2.67|8|5.78|8.00|0.000|~|-0.7021|-0.5039|2026-10-04T04:55:46.023485
chicago|2026-09-11|24|27.78|15.56|12.22|25.0|2.78|20.56|12.22|8.34|58.83|~|7.22|2.00|2|8.22|12.00|0.000|~|-0.5498|0.7568|2026-10-04T04:55:46.023485
chicago|2026-09-12|171|31|18.89|12.11|27.78|3.22|23.33|19.44|3.89|78.82|~|7.67|2.23|6|8.88|13.00|0.000|~|0.8299|0.4913|2026-10-04T04:55:46.023485
chicago|2026-09-13|338|24|13|11|31|-7|19.44|11.67|7.77|60.75|~|4.56|2.74|8|7.50|11.00|0.032|~|0.5044|-0.6752|2026-10-04T04:55:46.023485
chicago|2026-09-14|334|22|11.67|10.33|24|-2|17.2|9.4|7.8|60.134185623228|~|4.8|2.74|8|9.33|15.01|0.000|~|-0.5710|0.7742|2026-10-04T04:55:46.023485
chicago|2026-09-15|329|29|19|10|22|7|19|16|3|82.752266062258|~|10|2.96|8|6.57|11.00|0.202|~|0.7432|0.4934|2026-10-04T04:55:46.023485
chicago|2026-09-16|354|24.44|17.78|6.66|29|-4.56|19|16|3|82.752266062258|~|5.44|5.94|8|8.96|13.00|0.075|~|-0.4836|-0.8367|2026-10-04T04:55:46.023485
chicago|2026-09-17|378|27|18.89|8.11|24.44|2.56|19|19|0|100|~|8|6.51|8|5.62|13.02|2.495|~|0.0961|-0.5434|2026-10-04T04:55:46.023485
chicago|2026-09-18|348|22|18|4|27|-5|20|14|6|68.377043112712|~|2|3.87|8|10.75|14.00|0.000|~|-0.9314|-0.2830|2026-10-04T04:55:46.023485
chicago|2026-09-19|380|21.11|17|4.11|22|-0.89|17.8|16.7|1.1|93.281507422058|~|3.31|6.81|8|3.68|13.00|2.869|~|-0.1559|0.5390|2026-10-04T04:55:46.023485
chicago|2026-09-20|405|21.0|16.67|4.33|21.11|-0.11|18|17|1|93.884545007364|~|3.0|7.89|8|10.97|20.00|6.790|~|-0.6465|-0.7376|2026-10-04T04:55:46.023485
chicago|2026-09-21|355|19|15.56|3.44|21.0|-2.0|16|13|3|82.385951628273|~|3|7.66|8|13.14|17.01|0.000|~|-0.8485|-0.4988|2026-10-04T04:55:46.023485
chicago|2026-09-22|346|17|13.89|3.11|19|-2|14.44|8.89|5.55|69.28|1025.5|2.56|4.36|8|12.73|15.01|0.000|~|-0.8215|-0.5414|2026-10-04T04:55:46.023485
chicago|2026-09-23|345|20|15.56|4.44|17|3|16|13|3|82.385951628273|~|4|6.91|8|11.57|16.00|0.000|~|-0.8700|-0.4655|2026-10-04T04:55:46.023485
chicago|2026-09-24|335|21|15.56|5.44|20|1|16|11|5|72.218947621294|~|5|6.52|8|8.46|13.00|0.000|~|-0.9237|-0.3160|2026-10-04T04:55:46.023485
chicago|2026-09-25|336|18|13.89|4.11|21|-3|16|13|3|82.385951628273|~|2|7.15|8|5.64|8.01|0.000|~|-0.9669|-0.1332|2026-10-04T04:55:46.023485
chicago|2026-09-26|338|21|11|10|18|3|14|11|3|82.135480367498|~|7|0.77|6|5.76|9.00|0.000|~|-0.8629|-0.2791|2026-10-04T04:55:46.023485
chicago|2026-09-27|355|22.22|9|13.22|21|1.22|12.22|12.22|0.00|100.0|~|10.00|1.08|6|5.27|9.99|0.000|~|-0.5068|-0.7656|2026-10-04T04:55:46.023485
chicago|2026-09-28|335|23|11|12|22.22|0.78|16|12|4|77.155040268598|~|7|2.17|8|6.03|11.00|0.000|~|-0.4651|-0.7916|2026-10-04T04:55:46.023485
chicago|2026-09-29|346|26|12|14|23|3|15.0|13.33|1.67|89.77|1017.5|11.0|0.61|8|6.09|10.00|0.000|~|0.2747|0.9000|2026-10-04T04:55:46.023485
chicago|2026-09-30|371|21.11|15.56|5.55|26|-4.89|15.6|15|0.6|96.222192128596|~|5.51|7.53|8|8.55|11.99|3.665|~|0.2010|0.9512|2026-10-04T04:55:46.023485
chicago|2026-10-01|352|21.11|16|5.11|21.11|0.00|19|18|1|93.929774401027|~|2.11|7.19|8|7.78|14.00|3.517|~|0.4451|0.1195|2026-10-04T04:55:46.023485
chicago|2026-10-02|339|19|11|8|21.11|-2.11|13|8|5|71.661522629146|~|6|0.46|4|8.04|11.99|0.065|~|-0.2201|-0.8889|2026-10-04T04:55:46.023485
chicago|2026-10-03|327|21|9|12|19|2|14.4|10|4.4|74.8764630203|~|6.6|0.27|2|7.47|11.00|0.000|~|-0.4315|0.7934|2026-10-04T04:55:46.023485
dallas|2026-09-02|24|37.78|27.22|10.56|37.22|0.56|28.89|21.11|7.78|62.94|~|8.89|2.22|4|5.89|9.00|0.000|~|-0.9444|-0.0415|2026-10-04T04:55:46.712794
dallas|2026-09-03|26|32.78|26.67|6.11|37.78|-5.00|26.67|23.33|3.34|82.0|~|6.11|4.00|6|10.30|12.00|0.000|~|-0.3715|0.8841|2026-10-04T04:55:46.712794
dallas|2026-09-04|27|37.22|25.56|11.66|32.78|4.44|26.11|23.89|2.22|87.61|~|11.11|3.45|6|7.55|11.00|0.000|~|-0.2253|0.9209|2026-10-04T04:55:46.712794
dallas|2026-09-05|24|37.22|27.78|9.44|37.22|0.00|28.89|22.22|6.67|67.36|~|8.33|3.11|4|3.00|5.00|0.000|~|-0.0317|0.9098|2026-10-04T04:55:46.712794
dallas|2026-09-06|130|36.67|26|10.67|37.22|-0.55|27|23|4|78.780719493487|~|9.67|1.17|4|4.96|11.00|0.000|~|-0.8065|0.4885|2026-10-04T04:55:46.712794
dallas|2026-09-07|24|37.78|28.33|9.45|36.67|1.11|29.44|22.22|7.22|65.23|~|8.34|2.89|4|6.67|12.00|0.000|~|-0.5094|0.6448|2026-10-04T04:55:46.712794
dallas|2026-09-08|24|37.78|28.89|8.89|37.78|0.00|30.56|20.56|10.00|55.27|~|7.22|3.56|4|6.67|10.00|0.000|~|-0.2827|0.9245|2026-10-04T04:55:46.712794
dallas|2026-09-09|24|37.78|28.33|9.45|37.78|0.00|28.89|22.78|6.11|69.67|~|8.89|2.22|4|7.00|11.00|0.000|~|-0.4098|0.8161|2026-10-04T04:55:46.712794
dallas|2026-09-10|26|37.22|26.67|10.55|37.78|-0.56|28.33|22.22|6.11|69.56|~|8.89|2.91|6|6.45|15.00|0.000|~|-0.0899|-0.3640|2026-10-04T04:55:46.712794
dallas|2026-09-11|25|37.22|27.22|10.00|37.22|0.00|27.78|21.67|6.11|69.45|~|9.44|2.40|6|4.20|10.00|0.000|~|0.3055|0.8221|2026-10-04T04:55:46.712794
dallas|2026-09-12|172|38.33|25.0|13.33|37.22|1.11|26.11|22.78|3.33|81.93|~|12.22|0.57|2|7.64|13.00|0.000|~|-0.2131|0.9183|2026-10-04T04:55:46.712794
dallas|2026-09-13|336|38|27|11|38.33|-0.33|28|23|5|74.302363036119|~|10|0.58|4|7.86|14.00|0.000|~|-0.1156|0.9370|2026-10-04T04:55:46.712794
dallas|2026-09-14|332|38|27|11|38|0|28|23|5|74.302363036119|~|10|1.87|4|8.76|15.01|0.000|~|0.1069|0.9239|2026-10-04T04:55:46.712794
dallas|2026-09-15|338|38|27|11|38|0|28.3|23.3|5.0|74.35161183138|~|9.7|0.98|2|8.38|14.00|0.000|~|-0.0103|0.9409|2026-10-04T04:55:46.712794
dallas|2026-09-16|336|37.22|28|9.22|38|-0.78|29|22|7|65.976405023424|~|8.22|0.72|4|6.42|11.99|0.000|~|-0.1386|0.8319|2026-10-04T04:55:46.712794
dallas|2026-09-17|338|37|28|9|37.22|-0.22|30.0|21.67|8.33|61.08|~|7.0|2.22|8|5.67|11.00|0.000|~|-0.5826|0.5669|2026-10-04T04:55:46.712794
dallas|2026-09-18|336|37|27|10|37|0|29.44|20.0|9.44|56.92|~|7.56|2.10|6|5.24|9.00|0.000|~|-0.1914|0.7201|2026-10-04T04:55:46.712794
dallas|2026-09-19|336|36|25|11|37|-1|26.11|18.89|7.22|64.51|~|9.89|0.37|4|5.78|11.99|0.000|~|-0.1540|0.8767|2026-10-04T04:55:46.712794
dallas|2026-09-20|342|37|26.67|10.33|36|1|27|19|8|61.613746674378|~|10|1.59|6|6.79|13.00|0.000|~|-0.1930|0.8839|2026-10-04T04:55:46.712794
dallas|2026-09-21|342|37|25|12|37|0|27|21|6|69.735359877774|~|10|2.64|6|4.22|9.00|0.000|~|-0.2081|-0.1131|2026-10-04T04:55:46.712794
dallas|2026-09-22|336|37|24|13|37|0|26|20|6|69.54626593683|~|11|0.60|4|4.28|9.00|0.000|~|-0.2969|-0.6979|2026-10-04T04:55:46.712794
dallas|2026-09-23|297|37|26|11|37|0|27.2|20.6|6.6|67.245731175273|~|9.8|1.18|6|7.00|11.08|0.000|~|-0.9104|0.0928|2026-10-04T04:55:46.712794
dallas|2026-09-24|335|35|25|10|37|-2|26|17|9|57.634332679046|~|9|0.40|6|5.91|11.99|0.000|~|-0.7653|0.2805|2026-10-04T04:55:46.712794
dallas|2026-09-25|336|33.33|21.67|11.66|35|-1.67|23|14|9|56.905982387402|~|10.33|0.70|6|4.85|9.00|0.000|~|-0.7659|0.2847|2026-10-04T04:55:46.712794
dallas|2026-09-26|336|34.44|22|12.44|33.33|1.11|23|14|9|56.905982387402|~|11.44|0.41|6|5.88|11.08|0.000|~|-0.4188|0.8107|2026-10-04T04:55:46.712794
dallas|2026-09-27|339|35|24|11|34.44|0.56|25|20|5|73.802512188061|~|10|1.95|8|6.94|11.99|0.000|~|-0.0595|0.9226|2026-10-04T04:55:46.712794
dallas|2026-09-28|335|34|26|8|35|-1|26.67|20.56|6.11|69.23|1013.7|7.33|1.87|6|7.47|11.99|0.000|~|-0.9496|0.1305|2026-10-04T04:55:46.712794
dallas|2026-09-29|336|35|25|10|34|1|26|21|5|73.970629005511|~|9|1.61|6|9.45|15.01|0.000|~|-0.2767|0.9066|2026-10-04T04:55:46.712794
dallas|2026-09-30|346|32.22|26|6.22|35|-2.78|27|23|4|78.780719493487|~|5.22|6.77|8|10.68|16.00|0.401|~|-0.2152|0.9292|2026-10-04T04:55:46.712794
dallas|2026-10-01|363|27.22|21|6.22|32.22|-5.00|21.1|20.6|0.5|96.971204699707|~|6.12|7.21|8|5.84|11.99|8.560|~|-0.8146|0.1975|2026-10-04T04:55:46.712794
dallas|2026-10-02|374|27|21.67|5.33|27.22|-0.22|23|22|1|94.105818040075|~|4|7.17|8|8.01|14.00|0.603|~|-0.1572|-0.9681|2026-10-04T04:55:46.712794
dallas|2026-10-03|340|24|21|3|27|-3|22|21|1|94.06252427588|~|2|7.77|8|3.62|6.01|0.334|~|-0.7503|-0.5044|2026-10-04T04:55:46.712794
dc|2026-09-02|24|31.67|23.89|7.78|36.11|-4.44|27.22|21.67|5.55|71.74|~|4.45|2.00|2|4.11|26.00|0.330|~|~|~|2026-09-19T09:06:10.007356
dc|2026-09-03|24|31.67|23.33|8.34|31.67|0.00|25.0|22.22|2.78|84.61|~|6.67|3.11|6|7.11|10.00|0.410|~|~|~|2026-09-19T09:06:10.007356
dc|2026-09-04|24|32.22|22.22|10.00|31.67|0.55|25.56|20.56|5.00|73.93|~|6.66|2.67|4|7.78|10.00|0.840|~|~|~|2026-09-19T09:06:10.007356
dc|2026-09-05|24|28.33|22.78|5.55|32.22|-3.89|25.0|20.56|4.44|76.41|~|3.33|3.78|4|6.56|9.00|0.000|~|~|~|2026-09-19T09:06:10.007356
dc|2026-09-06|129|28.89|18.89|10.00|28.33|0.56|22.22|15.56|6.66|65.96|~|6.67|1.14|6|6.16|9.00|0.000|~|~|~|2026-09-19T09:06:10.007356
dc|2026-09-07|24|28.33|18.33|10.00|28.89|-0.56|21.11|14.44|6.67|65.72|~|7.22|3.56|6|5.11|9.00|0.000|~|~|~|2026-09-19T09:06:10.007356
dc|2026-09-08|24|28.89|18.33|10.56|28.33|0.56|21.67|18.89|2.78|84.24|~|7.22|3.33|6|8.00|10.00|0.000|~|~|~|2026-09-19T09:06:10.007356
dc|2026-09-09|24|31.67|21.11|10.56|28.89|2.78|22.78|17.78|5.00|73.44|~|8.89|2.00|2|11.78|15.00|0.000|~|~|~|2026-09-19T09:06:10.007356
dc|2026-09-10|24|31.67|23.89|7.78|31.67|0.00|25.56|18.89|6.67|66.67|~|6.11|3.56|6|7.56|11.00|0.000|~|~|~|2026-09-19T09:06:10.007356
dc|2026-09-11|24|27.22|21.11|6.11|31.67|-4.45|22.78|20.56|2.22|87.31|~|4.44|3.11|6|5.56|7.00|0.680|~|~|~|2026-09-19T09:06:10.007356
dc|2026-09-12|161|27.22|21.67|5.55|27.22|0.00|23.33|18.33|5.00|73.54|~|3.89|7.57|8|8.26|11.08|0.000|~|~|~|2026-09-19T09:06:10.007356
dc|2026-09-13|338|31.11|23|8.11|27.22|3.89|24|22|2|88.599352571993|~|7.11|5.57|8|4.52|9.99|0.044|~|~|~|2026-09-19T09:06:10.007356
dc|2026-09-14|333|27|19|8|31.11|-4.11|24|17|7|64.933548215648|~|3|2.73|8|11.24|16.00|0.000|~|~|~|2026-09-19T09:06:10.007356
dc|2026-09-15|334|26|14|12|27|-1|18|9|9|55.656762504377|~|8|0.60|4|3.86|7.00|0.000|~|~|~|2026-09-19T09:06:10.007356
dc|2026-09-16|336|28.33|18|10.33|26|2.33|21.1|16.7|4.4|75.978662533015|~|7.23|0.34|2|8.52|11.00|0.000|~|~|~|2026-09-19T09:06:10.007356
dc|2026-09-17|338|31|21|10|28.33|2.67|22|19|3|83.107688157695|~|9|2.60|8|7.14|11.99|0.000|~|~|~|2026-09-19T09:06:10.007356
dc|2026-09-18|332|31|23|8|31|0|26|22|4|78.63985107242|~|5|5.46|8|9.70|14.00|0.000|~|~|~|2026-09-19T09:06:10.007356
dc|2026-09-19|61|24|21|3|31|-7|~|~|~|~|~|~|~|~|~|~|0.000|~|~|~|2026-09-19T09:06:10.007356
denver|2026-09-02|26|31.67|15.56|16.11|30.0|1.67|24.28|7.39|16.89|33.94|~|7.39|2.00|2|7.22|11.00|0.000|~|-0.8674|0.0180|2026-10-04T04:55:47.078683
denver|2026-09-03|24|33.22|13.89|19.33|31.67|1.55|24.61|4.28|20.33|26.82|~|8.61|2.00|2|9.67|16.00|0.000|~|-0.5364|0.4310|2026-10-04T04:55:47.078683
denver|2026-09-04|24|34.0|15.78|18.22|33.22|0.78|24.72|6.39|18.33|30.86|~|9.28|2.67|4|7.44|16.00|0.000|~|-0.7695|0.2700|2026-10-04T04:55:47.078683
denver|2026-09-05|48|34.44|17.22|17.22|34.0|0.44|24.4|7.1|17.3|33.029985656271|~|10.04|3.60|6|6.69|12.00|0.000|~|-0.0155|-0.9203|2026-10-04T04:55:47.078683
denver|2026-09-06|36|33.33|15.56|17.77|34.44|-1.11|20.89|14.78|6.11|68.07|~|12.44|2.33|4|8.17|15.00|0.010|~|-0.5506|0.4869|2026-10-04T04:55:47.078683
denver|2026-09-07|24|32.0|18.33|13.67|33.33|-1.33|25.89|7.89|18.00|31.91|~|6.11|3.78|6|7.44|9.00|0.000|~|0.0593|-0.5776|2026-10-04T04:55:47.078683
denver|2026-09-08|31|30.56|16.78|13.78|32.0|-1.44|21.67|10.0|11.67|47.42|~|8.89|2.71|6|10.57|15.00|0.100|~|-0.6701|0.3953|2026-10-04T04:55:47.078683
denver|2026-09-09|24|27.78|14.0|13.78|30.56|-2.78|16.0|3.11|12.89|42.04|~|11.78|2.22|4|5.22|9.00|0.000|~|-0.8566|-0.2926|2026-10-04T04:55:47.078683
denver|2026-09-10|23|31.67|12.78|18.89|27.78|3.89|17.22|5.78|11.44|46.89|~|14.45|2.00|2|4.89|9.00|0.000|~|-0.6759|0.3828|2026-10-04T04:55:47.078683
denver|2026-09-11|38|31.9|16.89|15.01|31.67|0.23|23.89|2.61|21.28|24.9|~|8.01|4.40|6|6.19|13.00|0.000|~|0.2430|-0.6036|2026-10-04T04:55:47.078683
denver|2026-09-12|46|27.22|11.0|16.22|31.9|-4.68|14.3|6.4|7.9|59.026599373646|~|12.92|3.20|6|5.85|15.00|0.000|~|-0.8631|-0.1363|2026-10-04T04:55:47.078683
denver|2026-09-13|45|34.61|14.9|19.71|27.22|7.39|24.0|6.67|17.33|32.84|~|10.61|2.71|6|8.49|20.00|0.000|~|-0.4575|0.4373|2026-10-04T04:55:47.078683
denver|2026-09-14|41|30.3|20.0|10.3|34.61|-4.31|24.11|8.5|15.61|36.97|~|6.19|3.57|6|7.29|15.00|0.000|~|0.4243|0.5618|2026-10-04T04:55:47.078683
denver|2026-09-15|47|22.5|12.5|10.0|30.3|-7.8|14.0|0.0|14.0|38.25|1020.4|8.5|4.00|8|8.81|15.00|0.000|~|-0.8561|0.3892|2026-10-04T04:55:47.078683
denver|2026-09-16|47|31.78|10|21.78|22.5|9.28|19.4|7.2|12.2|45.123994330123|~|12.38|4.14|8|6.07|16.00|0.000|~|-0.2648|-0.7460|2026-10-04T04:55:47.078683
denver|2026-09-17|50|27.22|17|10.22|31.78|-4.56|20.78|12.22|8.56|58.04|~|6.44|4.95|6|7.28|12.05|0.000|~|0.5753|0.6640|2026-10-04T04:55:47.078683
denver|2026-09-18|58|30.0|14.44|15.56|27.22|2.78|20.39|11.67|8.72|57.3|~|9.61|4.78|8|5.67|21.00|0.502|~|-0.2296|0.0748|2026-10-04T04:55:47.078683
denver|2026-09-19|67|24.44|12.6|11.84|30.0|-5.56|17.61|12.89|4.72|73.84|~|6.83|4.00|6|7.38|22.00|0.648|~|0.1095|-0.4192|2026-10-04T04:55:47.078683
denver|2026-09-20|50|24|10.7|13.3|24.44|-0.44|15.89|8.11|7.78|59.9|1016.4|8.11|2.77|4|7.05|12.00|0.321|~|-0.2949|-0.8559|2026-10-04T04:55:47.078683
denver|2026-09-21|55|24.22|11.0|13.22|24|0.22|13.8|12.2|1.6|90.073161796711|~|10.42|2.86|4|5.56|9.00|0.000|~|-0.7485|0.1094|2026-10-04T04:55:47.078683
denver|2026-09-22|55|28.9|11.6|17.3|24.22|4.68|14.28|9.44|4.84|72.7|1017.4|14.62|3.11|6|5.87|16.00|0.921|~|-0.5646|-0.3120|2026-10-04T04:55:47.078683
denver|2026-09-23|44|23.11|14.44|8.67|28.9|-5.79|17.3|10.9|6.4|66.0550519311|~|5.81|4.00|8|4.89|9.00|0.000|~|-0.0382|-0.0169|2026-10-04T04:55:47.078683
denver|2026-09-24|59|21.5|13.8|7.7|23.11|-1.61|17.39|11.89|5.50|70.12|1019.1|4.11|4.77|8|6.31|12.00|0.044|~|0.1040|-0.5999|2026-10-04T04:55:47.078683
denver|2026-09-25|74|24.11|10.89|13.22|21.5|2.61|14.1|11.4|2.7|83.797008870613|~|10.01|5.20|8|9.87|31.00|1.260|~|0.8189|-0.0731|2026-10-04T04:55:47.078683
denver|2026-09-26|44|27.5|10.89|16.61|24.11|3.39|18|5.6|12.4|44.114947106862|~|9.5|2.75|4|6.55|9.00|0.000|~|-0.0646|0.5368|2026-10-04T04:55:47.078683
denver|2026-09-27|48|28.72|13.3|15.42|27.5|1.22|19.28|5.0|14.28|39.05|1016.2|9.44|4.13|6|8.25|18.00|0.000|~|-0.4369|0.7567|2026-10-04T04:55:47.078683
denver|2026-09-28|48|20.22|15.56|4.66|28.72|-8.50|18.72|8.33|10.39|50.84|1008.1|1.50|5.09|8|11.88|14.00|0.089|-8.10|-0.2766|0.8986|2026-10-04T04:55:47.078683
denver|2026-09-29|45|20.9|12.6|8.3|20.22|0.68|15.28|9.44|5.84|68.16|1009.0|5.62|4.59|8|4.66|8.00|0.000|0.90|-0.0525|-0.7774|2026-10-04T04:55:47.078683
denver|2026-09-30|49|17.11|11.39|5.72|20.9|-3.79|14.22|9.61|4.61|73.78|1009.4|2.89|4.59|8|5.90|8.00|0.000|0.40|0.1498|-0.7247|2026-10-04T04:55:47.078683
denver|2026-10-01|46|20.3|11.39|8.91|17.11|3.19|13.5|6.4|7.1|62.171469288621|~|6.8|3.38|6|4.33|9.00|0.000|~|-0.5928|0.2488|2026-10-04T04:55:47.078683
denver|2026-10-02|47|26.67|11.28|15.39|20.3|6.37|15|7.3|7.7|60.013573119597|~|11.67|1.33|2|10.84|21.00|0.000|~|-0.0378|0.9784|2026-10-04T04:55:47.078683
denver|2026-10-03|43|28.33|12.78|15.55|26.67|1.66|19.5|2.8|16.7|33.010453050539|~|8.83|2.75|6|8.75|14.00|0.000|~|-0.2490|-0.8408|2026-10-04T04:55:47.078683
houston|2026-09-02|26|35.0|26.67|8.33|30.56|4.44|27.78|25.56|2.22|87.76|~|7.22|3.60|4|9.50|15.00|0.000|~|0.5304|0.6891|2026-10-04T04:55:47.777640
houston|2026-09-03|30|33.33|23.89|9.44|35.0|-1.67|27.78|25.56|2.22|87.76|~|5.55|3.47|6|5.93|15.00|6.220|~|-0.5526|-0.5102|2026-10-04T04:55:47.777640
houston|2026-09-04|24|32.78|27.22|5.56|33.33|-0.55|29.44|26.11|3.33|82.35|~|3.34|2.89|4|5.33|10.00|0.000|~|-0.4062|0.4255|2026-10-04T04:55:47.777640
houston|2026-09-05|25|32.78|26.11|6.67|32.78|0.00|28.89|25.56|3.33|82.28|~|3.89|3.20|6|6.00|9.00|0.000|~|-0.4289|0.5981|2026-10-04T04:55:47.777640
houston|2026-09-06|131|31.67|26.67|5.00|32.78|-1.11|29.4|25.6|3.8|80.058926280503|~|2.27|4.92|6|3.48|13.00|0.220|~|0.0120|0.0159|2026-10-04T04:55:47.777640
houston|2026-09-07|26|35.0|26.11|8.89|31.67|3.33|28.89|25.56|3.33|82.28|~|6.11|3.80|4|4.80|10.00|0.280|~|0.3528|-0.0539|2026-10-04T04:55:47.777640
houston|2026-09-08|26|33.89|26.67|7.22|35.0|-1.11|29.44|25.56|3.88|79.68|~|4.45|3.82|4|6.73|12.00|0.020|~|-0.6606|0.5411|2026-10-04T04:55:47.777640
houston|2026-09-09|27|32.78|26.11|6.67|33.89|-1.11|28.33|25.56|2.77|84.97|~|4.45|2.40|4|6.00|9.00|0.000|~|-0.9480|0.0428|2026-10-04T04:55:47.777640
houston|2026-09-10|27|31.67|25.56|6.11|32.78|-1.11|27.78|24.44|3.34|82.14|~|3.89|3.40|4|5.40|11.00|0.000|~|-0.3598|0.7201|2026-10-04T04:55:47.777640
houston|2026-09-11|29|34.44|25.56|8.88|31.67|2.77|28.33|25.0|3.33|82.21|~|6.11|2.83|6|10.42|13.00|0.000|~|0.0928|0.6153|2026-10-04T04:55:47.777640
houston|2026-09-12|172|36|26.67|9.33|34.44|1.56|29.44|25.56|3.88|79.68|~|6.56|3.87|6|10.80|17.11|0.000|~|-0.0083|0.9062|2026-10-04T04:55:47.777640
houston|2026-09-13|339|34|25|9|36|-2|30.0|25.56|4.44|77.18|~|4.0|2.03|6|7.57|14.00|0.000|~|-0.2630|0.8900|2026-10-04T04:55:47.777640
houston|2026-09-14|332|35|26|9|34|1|28|26|2|88.915283542252|~|7|2.82|8|8.39|14.00|0.000|~|0.1154|0.9556|2026-10-04T04:55:47.777640
houston|2026-09-15|337|36|26|10|35|1|29.44|25.56|3.88|79.68|~|6.56|3.63|8|6.04|16.00|2.974|~|-0.0495|0.6000|2026-10-04T04:55:47.777640
houston|2026-09-16|336|34|26|8|36|-2|28|26|2|88.915283542252|~|6|1.69|4|8.58|14.00|0.000|~|-0.9483|0.1254|2026-10-04T04:55:47.777640
houston|2026-09-17|338|31|26|5|34|-3|28|26|2|88.915283542252|~|3|5.41|8|8.21|15.01|0.101|~|-0.9410|-0.1397|2026-10-04T04:55:47.777640
houston|2026-09-18|336|33.33|25|8.33|31|2.33|28.33|24.44|3.89|79.53|~|5.00|1.87|6|8.31|13.02|0.000|~|-0.9502|0.0775|2026-10-04T04:55:47.777640
houston|2026-09-19|336|33.33|24|9.33|33.33|0.00|27|23|4|78.780719493487|~|6.33|2.21|8|5.03|11.00|0.000|~|-0.6672|0.4346|2026-10-04T04:55:47.777640
houston|2026-09-20|336|34|24|10|33.33|0.67|27|23|4|78.780719493487|~|7|2.84|6|5.48|15.01|0.000|~|-0.6685|0.5570|2026-10-04T04:55:47.777640
houston|2026-09-21|336|34|26|8|34|0|28|25|3|83.787472428052|~|6|2.48|8|4.37|11.00|0.000|~|-0.5604|0.4122|2026-10-04T04:55:47.777640
houston|2026-09-22|338|36|25|11|34|2|28|25|3|83.787472428052|~|8|1.69|6|5.31|9.99|0.000|~|-0.4726|-0.5746|2026-10-04T04:55:47.777640
houston|2026-09-23|337|36|26|10|36|0|28|25|3|83.787472428052|~|8|2.22|8|9.48|14.00|0.000|~|-0.8235|0.0250|2026-10-04T04:55:47.777640
houston|2026-09-24|335|35|26|9|36|-1|28|23|5|74.302363036119|~|7|1.72|6|6.90|10.00|0.000|~|-0.7886|-0.4211|2026-10-04T04:55:47.777640
houston|2026-09-25|343|33|23.89|9.11|35|-2|24|18|6|69.163192099994|~|9|0.92|6|6.93|11.99|0.000|~|-0.6556|-0.5461|2026-10-04T04:55:47.777640
houston|2026-09-26|336|32.22|22|10.22|33|-0.78|26|21|5|73.970629005511|~|6.22|2.28|8|9.10|15.01|0.000|~|-0.8992|-0.1964|2026-10-04T04:55:47.777640
houston|2026-09-27|335|34|23|11|32.22|1.78|28|21|7|65.771194518237|~|6|2.60|8|4.58|14.00|0.000|~|-0.7982|0.1738|2026-10-04T04:55:47.777640
houston|2026-09-28|335|33.33|25|8.33|34|-0.67|28|23|5|74.302363036119|~|5.33|1.51|6|9.64|14.00|0.000|~|-0.8834|0.3965|2026-10-04T04:55:47.777640
houston|2026-09-29|336|33|24|9|33.33|-0.33|28|22|6|69.922846558247|~|5|3.87|8|10.73|17.01|0.000|~|-0.7992|0.5324|2026-10-04T04:55:47.777640
houston|2026-09-30|336|34|25|9|33|1|29|23|6|70.108741837117|~|5|2.97|8|13.06|17.01|0.000|~|-0.4643|0.8651|2026-10-04T04:55:47.777640
houston|2026-10-01|342|33|25|8|34|-1|29|25|4|79.05851218739|~|4|4.63|8|11.41|18.00|2.921|~|-0.0766|0.8308|2026-10-04T04:55:47.777640
houston|2026-10-02|350|33|24|9|33|0|25|23|2|88.67956137467|~|8|2.56|6|6.71|17.00|1.855|~|-0.8486|-0.2306|2026-10-04T04:55:47.777640
houston|2026-10-03|329|32|24|8|33|-1|26|23|3|83.565344534735|~|6|5.81|8|11.04|15.01|0.000|~|-0.8692|-0.4254|2026-10-04T04:55:47.777640
los_angeles|2026-09-02|24|24.44|17.78|6.66|23.89|0.55|21.11|15.0|6.11|68.12|~|3.33|1.33|2|10.22|14.00|0.000|~|0.9564|0.2554|2026-10-04T04:55:49.265670
los_angeles|2026-09-03|27|25.0|19.44|5.56|24.44|0.56|21.11|15.56|5.55|70.59|~|3.89|2.00|2|9.40|15.00|0.000|~|0.7080|0.2882|2026-10-04T04:55:49.265670
los_angeles|2026-09-04|28|25.0|18.33|6.67|25.0|0.0|21.67|16.11|5.56|70.7|~|3.33|2.40|4|8.90|13.00|0.000|~|0.8476|0.2823|2026-10-04T04:55:49.265670
los_angeles|2026-09-05|24|26.67|18.33|8.34|25.0|1.67|22.22|16.67|5.55|70.81|~|4.45|2.89|6|8.78|11.00|0.000|~|0.9820|0.1656|2026-10-04T04:55:49.265670
los_angeles|2026-09-06|134|24.44|19|5.44|26.67|-2.23|20|17|3|82.871929790445|~|4.44|2.46|6|6.69|10.00|0.759|~|-0.2119|-0.8091|2026-10-04T04:55:49.265670
los_angeles|2026-09-07|24|28.89|22.78|6.11|24.44|4.45|25.0|20.56|4.44|76.41|~|3.89|2.00|2|7.89|14.00|0.050|~|0.9363|0.1200|2026-10-04T04:55:49.265670
los_angeles|2026-09-08|30|32.78|23.89|8.89|28.89|3.89|27.78|17.22|10.56|52.69|~|5.00|2.13|4|7.00|18.00|0.000|~|0.8384|-0.1548|2026-10-04T04:55:49.265670
los_angeles|2026-09-09|24|36.11|25.0|11.11|32.78|3.33|30.56|18.89|11.67|49.85|~|5.55|2.00|2|8.44|15.00|0.000|~|0.9652|0.2328|2026-10-04T04:55:49.265670
los_angeles|2026-09-10|24|32.78|24.44|8.34|36.11|-3.33|28.33|18.89|9.44|56.65|~|4.45|2.00|2|8.44|11.00|0.000|~|0.6320|0.1821|2026-10-04T04:55:49.265670
los_angeles|2026-09-11|24|29.44|22.78|6.66|32.78|-3.34|26.67|20.56|6.11|69.23|~|2.77|1.78|2|8.56|11.00|0.000|~|0.7363|0.2359|2026-10-04T04:55:49.265670
los_angeles|2026-09-12|206|28|21.67|6.33|29.44|-1.44|23.89|20.0|3.89|78.9|~|4.11|2.74|8|10.71|14.00|0.000|~|0.9051|0.3254|2026-10-04T04:55:49.265670
los_angeles|2026-09-13|343|26|21|5|28|-2|23|19|4|78.209169794993|~|3|2.50|6|9.55|14.00|0.000|~|0.8899|0.3168|2026-10-04T04:55:49.265670
los_angeles|2026-09-14|339|27|20|7|26|1|22.78|17.22|5.56|70.91|~|4.22|1.97|8|8.71|13.00|0.000|~|0.5735|0.3647|2026-10-04T04:55:49.265670
los_angeles|2026-09-15|340|27|20.56|6.44|27|0|22|15|7|64.504431334078|~|5|2.88|8|8.30|14.00|0.000|~|0.2106|0.6253|2026-10-04T04:55:49.265670
los_angeles|2026-09-16|337|26|20.56|5.44|27|-1|22|16|6|68.773495222447|~|4|3.92|8|9.55|15.01|0.000|~|0.6102|0.3249|2026-10-04T04:55:49.265670
los_angeles|2026-09-17|302|25|20.56|4.44|26|-1|22|15|7|64.504431334078|~|3|2.02|8|11.52|16.00|0.000|~|0.9682|0.1711|2026-10-04T04:55:49.265670
los_angeles|2026-09-18|340|25|18|7|25|0|21|16|5|73.114660436646|~|4|1.59|8|9.55|15.01|0.000|~|0.8891|0.2938|2026-10-04T04:55:49.265670
los_angeles|2026-09-19|341|25.0|19|6.0|25|0.0|21|16|5|73.114660436646|~|4.0|2.13|6|8.59|13.02|0.000|~|0.8792|0.3640|2026-10-04T04:55:49.265670
los_angeles|2026-09-20|344|26|19|7|25.0|1.0|21|17|4|77.915158291749|~|5|3.52|8|8.88|17.11|0.000|~|0.8705|0.3041|2026-10-04T04:55:49.265670
los_angeles|2026-09-21|342|25|20|5|26|-1|21|15|6|68.576121925976|~|4|3.07|8|8.98|14.00|0.000|~|0.9265|0.2585|2026-10-04T04:55:49.265670
los_angeles|2026-09-22|339|24.44|18|6.44|25|-0.56|22|16|6|68.773495222447|~|2.44|1.42|6|11.05|17.11|0.000|~|0.9531|0.2215|2026-10-04T04:55:49.265670
los_angeles|2026-09-23|344|26|18.89|7.11|24.44|1.56|21|17|4|77.915158291749|~|5|0.33|2|8.87|13.02|0.000|~|0.9307|0.3049|2026-10-04T04:55:49.265670
los_angeles|2026-09-24|354|26|20.56|5.44|26|0|22|19|3|83.107688157695|~|4|4.27|8|8.24|14.00|0.000|~|0.8844|0.2958|2026-10-04T04:55:49.265670
los_angeles|2026-09-25|350|25|20|5|26|-1|21|18|3|82.990398777177|~|4|3.11|8|8.85|14.00|0.000|~|0.8949|0.2075|2026-10-04T04:55:49.265670
los_angeles|2026-09-26|338|27.22|19|8.22|25|2.22|22|18|4|78.062863996432|~|5.22|1.15|6|7.96|13.02|0.000|~|0.9634|0.1529|2026-10-04T04:55:49.265670
los_angeles|2026-09-27|336|29|21.67|7.33|27.22|1.78|22|20|2|88.436416127982|~|7|1.16|6|6.86|13.00|0.000|~|0.9395|0.1740|2026-10-04T04:55:49.265670
los_angeles|2026-09-28|335|25|19|6|29|-4|22|19|3|83.107688157695|~|3|1.85|6|11.18|18.08|0.000|~|0.9295|0.3057|2026-10-04T04:55:49.265670
los_angeles|2026-09-29|336|28.33|18|10.33|25|3.33|20|16|4|77.766036021768|~|8.33|0.44|4|9.19|19.00|0.000|~|0.7707|0.5986|2026-10-04T04:55:49.265670
los_angeles|2026-09-30|345|27|20|7|28.33|-1.33|22|18|4|78.062863996432|~|5|0.72|6|8.50|13.02|0.000|~|0.5431|0.3142|2026-10-04T04:55:49.265670
los_angeles|2026-10-01|350|24.44|20.56|3.88|27|-2.56|21|19|2|88.353665604321|~|3.44|0.96|6|9.59|14.00|0.000|~|0.9607|0.1213|2026-10-04T04:55:49.265670
los_angeles|2026-10-02|330|30|19|11|24.44|5.56|21|19|2|88.353665604321|~|9|0.45|2|8.27|12.05|0.000|~|0.9534|0.1524|2026-10-04T04:55:49.265670
los_angeles|2026-10-03|299|38|22|16|30|8|30.56|11.11|19.45|30.22|1010.4|7.44|0.13|2|8.91|14.00|0.000|~|0.5941|0.1975|2026-10-04T04:55:49.265670
mexico_city|2026-09-02|38|26.0|14.0|12.0|23.0|3.0|17.0|13.0|4.0|77.31|~|9.0|3.69|6|5.00|11.00|0.000|~|-0.7528|0.0809|2026-10-04T04:55:50.248818
mexico_city|2026-09-03|38|26.0|14.0|12.0|26.0|0.0|17.0|12.0|5.0|72.4|~|9.0|3.75|6|6.63|20.00|0.000|~|-0.5897|0.1452|2026-10-04T04:55:50.248818
mexico_city|2026-09-04|29|26.0|12.0|14.0|26.0|0.0|18.0|12.0|6.0|67.97|~|8.0|5.20|8|5.20|12.00|0.000|~|0.0734|-0.6007|2026-10-04T04:55:50.248818
mexico_city|2026-09-05|73|26|15.0|11.0|26.0|0.0|19.0|12.0|7.0|63.85|~|7.0|5.50|8|9.68|30.00|0.000|~|-0.4283|-0.2840|2026-10-04T04:55:50.248818
mexico_city|2026-09-06|57|24.0|14.0|10.0|26|-2.0|17|13|4|77.309999878277|~|7.0|5.47|8|8.84|15.00|0.000|~|-0.6801|-0.1862|2026-10-04T04:55:50.248818
mexico_city|2026-09-07|37|22.0|14.0|8.0|24.0|-2.0|17.0|13.0|4.0|77.31|~|5.0|5.47|8|8.47|20.00|0.000|~|-0.3886|0.0575|2026-10-04T04:55:50.248818
mexico_city|2026-09-08|33|25.0|15.0|10.0|22.0|3.0|18.0|13.0|5.0|72.58|~|7.0|3.45|6|5.00|12.00|0.000|~|0.2434|-0.6868|2026-10-04T04:55:50.248818
mexico_city|2026-09-09|33|24.0|14.0|10.0|25.0|-1.0|18.0|12.0|6.0|67.76|~|6.0|5.08|6|5.54|13.00|0.000|~|0.0512|0.6946|2026-10-04T04:55:50.248818
mexico_city|2026-09-10|38|25.0|14.0|11.0|24.0|1.0|16.0|13.0|3.0|82.38|~|9.0|4.88|6|7.81|15.00|0.000|~|0.0823|-0.6611|2026-10-04T04:55:50.248818
mexico_city|2026-09-11|48|25.0|14.0|11.0|25.0|0.0|17.0|14.0|3.0|82.51|~|8.0|4.00|6|6.50|20.00|0.000|~|-0.6343|-0.2580|2026-10-04T04:55:50.248818
mexico_city|2026-09-12|42|26.0|14.0|12.0|25.0|1.0|18.0|14.0|4.0|77.46|~|8.0|4.76|6|10.14|25.00|0.000|~|-0.5787|-0.3113|2026-10-04T04:55:50.248818
mexico_city|2026-09-13|41|25.0|14.0|11.0|26.0|-1.0|17.0|13.0|4.0|77.31|~|8.0|4.00|6|7.50|15.00|0.000|~|-0.4178|-0.2172|2026-10-04T04:55:50.248818
mexico_city|2026-09-14|39|24.0|14.0|10.0|25.0|-1.0|18.0|11.0|7.0|63.62|~|6.0|5.10|6|8.10|25.00|0.000|~|-0.2994|0.1313|2026-10-04T04:55:50.248818
mexico_city|2026-09-15|26|25.0|13.0|12.0|24.0|1.0|16.0|12.0|4.0|77.15|~|9.0|3.27|4|6.18|13.00|0.000|~|-0.4610|-0.7312|2026-10-04T04:55:50.248818
mexico_city|2026-09-16|27|26.0|13.0|13.0|25.0|1.0|18.0|9.0|9.0|55.65|~|8.0|3.45|8|7.36|17.00|0.000|~|-0.0639|-0.8287|2026-10-04T04:55:50.248818
mexico_city|2026-09-17|26|24.0|14.0|10.0|26.0|-2.0|19.0|11.0|8.0|59.76|~|5.0|3.82|4|13.82|20.00|0.000|~|-0.4447|-0.8639|2026-10-04T04:55:50.248818
mexico_city|2026-09-18|27|24.0|14.0|10.0|24.0|0.0|17.0|9.0|8.0|59.27|~|7.0|4.73|6|8.55|15.00|0.000|~|-0.4262|-0.7545|2026-10-04T04:55:50.248818
mexico_city|2026-09-19|33|25.0|15.0|10.0|24.0|1.0|18.0|12.0|6.0|67.97|~|7.0|4.92|6|9.85|20.00|0.000|~|-0.3724|-0.6682|2026-10-04T04:55:50.248818
mexico_city|2026-09-20|34|26.0|13.0|13.0|25.0|1.0|17.0|12.0|5.0|72.4|~|9.0|4.00|6|8.36|20.00|0.000|~|-0.8740|-0.0943|2026-10-04T04:55:50.248818
mexico_city|2026-09-21|27|26.0|13.0|13.0|26.0|0.0|18.0|12.0|6.0|67.97|1011.8|8.0|2.60|4|7.70|12.00|0.000|~|-0.2338|-0.8488|2026-10-04T04:55:50.248818
mexico_city|2026-09-22|31|26.0|15.0|11.0|26.0|0.0|18.0|10.0|8.0|59.52|1010.2|8.0|3.67|6|6.92|13.00|0.000|-1.60|-0.3023|-0.7518|2026-10-04T04:55:50.248818
mexico_city|2026-09-23|27|25|14|11|26.0|-1.0|17|11|6|67.76|1010.9|8|4.00|4|4.00|10.00|0.000|0.70|-0.5702|0.4139|2026-10-04T04:55:50.248818
mexico_city|2026-09-24|31|26|14|12|25|1|17|11|6|67.76|1012|9|4.62|6|8.92|18.00|0.000|1.10|-0.1404|-0.7535|2026-10-04T04:55:50.248818
mexico_city|2026-09-25|37|25.0|16.0|9.0|26|-1.0|18.0|10.0|8.0|59.52|1012.1|7.0|4.60|6|9.30|15.00|0.000|0.10|0.6582|-0.4299|2026-10-04T04:55:50.248818
mexico_city|2026-09-26|34|24.0|16.0|8.0|25.0|-1.0|18.0|11.0|7.0|63.62|1012.9|6.0|5.22|6|9.00|20.00|0.000|0.80|0.0731|-0.8544|2026-10-04T04:55:50.248818
mexico_city|2026-09-27|28|26.0|15.0|11.0|24.0|2.0|18.0|11.0|7.0|63.62|1011.2|8.0|5.27|6|8.09|17.00|0.000|-1.70|-0.1109|-0.5224|2026-10-04T04:55:50.248818
mexico_city|2026-09-28|29|26.0|16.0|10.0|26.0|0.0|19.0|12.0|7.0|63.85|1010.0|7.0|4.33|6|8.83|18.00|0.000|-1.20|-0.6896|0.5050|2026-10-04T04:55:50.248818
mexico_city|2026-09-29|27|26.0|17.0|9.0|26.0|0.0|20.0|11.0|9.0|56.16|1008.4|6.0|4.20|6|10.50|14.00|0.000|-1.60|-0.3247|0.7592|2026-10-04T04:55:50.248818
mexico_city|2026-09-30|35|26.0|16.0|10.0|26.0|0.0|21.0|12.0|9.0|56.42|1009.0|5.0|5.33|6|10.61|22.00|0.000|0.60|0.3217|-0.3525|2026-10-04T04:55:50.248818
mexico_city|2026-10-01|39|25.0|14.0|11.0|26.0|-1.0|16.0|13.0|3.0|82.38|1011.4|9.0|5.37|8|8.11|17.00|0.000|2.40|-0.1666|0.3952|2026-10-04T04:55:50.248818
mexico_city|2026-10-02|31|24.0|15.0|9.0|25.0|-1.0|17.0|13.0|4.0|77.31|1009.5|7.0|4.36|6|6.18|15.00|0.000|-1.90|-0.3595|-0.7201|2026-10-04T04:55:50.248818
mexico_city|2026-10-03|42|24.0|15.0|9.0|24.0|0.0|16.0|13.0|3.0|82.38|1010.6|8.0|5.77|8|8.46|20.00|0.000|1.10|-0.6565|-0.2307|2026-10-04T04:55:50.248818
miami|2026-09-02|30|31.67|25.0|6.67|31.67|0.00|28.33|25.56|2.77|84.97|~|3.34|4.00|6|4.07|9.00|0.240|~|-0.5557|0.3100|2026-10-04T04:55:50.462726
miami|2026-09-03|29|33.89|25.56|8.33|31.67|2.22|28.89|23.89|5.00|74.49|~|5.00|4.46|6|6.54|19.00|0.960|~|0.0822|0.3866|2026-10-04T04:55:50.462726
miami|2026-09-04|30|32.22|26.11|6.11|33.89|-1.67|26.11|22.22|3.89|79.22|~|6.11|2.60|4|3.60|9.00|0.030|~|-0.0772|0.8988|2026-10-04T04:55:50.462726
miami|2026-09-05|34|32.78|25.0|7.78|32.22|0.56|26.67|23.89|2.78|84.79|~|6.11|3.45|6|4.64|8.00|0.950|~|-0.3671|0.5043|2026-10-04T04:55:50.462726
miami|2026-09-06|132|32.22|25|7.22|32.78|-0.56|27|24|3|83.676955175221|~|5.22|1.10|4|2.78|17.00|0.020|~|0.2152|0.3076|2026-10-04T04:55:50.462726
miami|2026-09-07|30|32.78|24.0|8.78|32.22|0.56|28.89|24.44|4.45|77.01|~|3.89|3.29|4|10.71|18.00|0.150|~|-0.1906|0.0614|2026-10-04T04:55:50.462726
miami|2026-09-08|25|32.22|26.11|6.11|32.78|-0.56|28.89|24.44|4.45|77.01|~|3.33|3.20|4|8.50|13.00|0.000|~|-0.8870|0.3481|2026-10-04T04:55:50.462726
miami|2026-09-09|32|32.22|26.67|5.55|32.22|0.00|28.89|25.0|3.89|79.61|~|3.33|3.27|6|8.73|13.00|0.570|~|-0.9436|0.0343|2026-10-04T04:55:50.462726
miami|2026-09-10|30|32.22|23.33|8.89|32.22|0.00|28.89|22.78|6.11|69.67|~|3.33|3.71|8|5.79|14.00|1.820|~|-0.3371|0.5238|2026-10-04T04:55:50.462726
miami|2026-09-11|40|31.11|25.56|5.55|32.22|-1.11|27.78|24.44|3.34|82.14|~|3.33|3.67|6|5.78|13.00|0.280|~|-0.8015|0.3383|2026-10-04T04:55:50.462726
miami|2026-09-12|160|33.9|26|7.9|31.11|2.79|29.44|25.56|3.88|79.68|~|4.46|4.67|6|6.85|11.00|0.000|~|0.0359|0.0993|2026-10-04T04:55:50.462726
miami|2026-09-13|342|33|24|9|33.9|-0.9|27|24|3|83.676955175221|~|6|3.29|8|4.53|12.00|0.988|~|0.0752|0.4441|2026-10-04T04:55:50.462726
miami|2026-09-14|328|32|25|7|33|-1|27|25|2|88.837515964517|~|5|4.02|8|4.93|11.00|0.032|~|-0.4706|0.7093|2026-10-04T04:55:50.462726
miami|2026-09-15|336|34|27|7|32|2|29.4|23.9|5.5|72.328259698258|~|4.6|3.08|6|7.41|14.00|0.000|~|-0.9469|-0.0935|2026-10-04T04:55:50.462726
miami|2026-09-16|342|33|26|7|34|-1|30|24.4|5.6|71.999917233947|~|3|3.51|6|9.40|14.00|0.819|~|-0.8944|-0.2918|2026-10-04T04:55:50.462726
miami|2026-09-17|333|29|24|5|33|-4|27|24|3|83.676955175221|~|2|3.23|8|4.95|8.01|0.145|~|-0.3656|-0.8221|2026-10-04T04:55:50.462726
miami|2026-09-18|354|32|24|8|29|3|28|24|4|78.920268070164|~|4|5.45|8|4.95|13.00|0.478|~|-0.6771|-0.2866|2026-10-04T04:55:50.462726
miami|2026-09-19|340|32|23.89|8.11|32|0|25|23|2|88.67956137467|~|7|2.88|8|5.96|11.00|0.000|~|-0.7743|0.0782|2026-10-04T04:55:50.462726
miami|2026-09-20|350|32|23.0|9.0|32|0|26|23|3|83.565344534735|~|6|4.28|8|5.25|13.00|3.099|~|-0.0081|0.1660|2026-10-04T04:55:50.462726
miami|2026-09-21|336|31.11|24|7.11|32|-0.89|26|24|2|88.758945510938|~|5.11|3.73|6|5.96|11.00|0.159|~|-0.0574|0.8622|2026-10-04T04:55:50.462726
miami|2026-09-22|347|32|25.0|7.0|31.11|0.89|28|25|3|83.787472428052|~|4|3.58|8|7.61|12.00|0.480|~|-0.4140|0.7462|2026-10-04T04:55:50.462726
miami|2026-09-23|351|28|24|4|32|-4|24|23|1|94.148645022418|~|4|3.44|8|3.07|8.01|1.266|~|-0.5736|0.4748|2026-10-04T04:55:50.462726
miami|2026-09-24|335|33|25|8|28|5|26.11|23.89|2.22|87.61|1013.3|6.89|2.47|6|6.48|9.00|0.022|~|0.6242|-0.7105|2026-10-04T04:55:50.462726
miami|2026-09-25|340|33|25.56|7.44|33|0|26|23|3|83.565344534735|~|7|5.81|8|5.57|9.99|0.000|~|-0.0210|-0.7367|2026-10-04T04:55:50.462726
miami|2026-09-26|336|31|24|7|33|-2|26|22|4|78.63985107242|~|5|1.59|4|6.20|9.00|0.000|~|0.4875|-0.7718|2026-10-04T04:55:50.462726
miami|2026-09-27|336|32|24|8|31|1|26|21|5|73.970629005511|~|6|3.51|8|4.37|8.01|0.000|~|0.2245|-0.3620|2026-10-04T04:55:50.462726
miami|2026-09-28|323|32|24|8|32|0|25|18|7|65.145510455717|~|7|2.43|6|5.64|11.08|0.000|~|-0.0826|0.5643|2026-10-04T04:55:50.462726
miami|2026-09-29|295|29|22|7|32|-3|27|21|6|69.735359877774|~|2|5.18|8|4.89|13.00|3.863|~|-0.5618|0.0622|2026-10-04T04:55:50.462726
miami|2026-09-30|337|29|25|4|29|0|27|23|4|78.780719493487|~|2|4.80|8|8.05|12.05|0.268|~|-0.9136|0.2627|2026-10-04T04:55:50.462726
miami|2026-10-01|347|28.33|23|5.33|29|-0.67|28|25|3|83.787472428052|~|0.33|5.37|8|6.11|11.99|3.723|~|-0.6583|0.0655|2026-10-04T04:55:50.462726
miami|2026-10-02|337|31.11|27|4.11|28.33|2.78|28|26|2|88.915283542252|~|3.11|3.40|8|10.82|15.00|0.159|~|-0.9057|0.3902|2026-10-04T04:55:50.462726
miami|2026-10-03|339|31|26.67|4.33|31.11|-0.11|29|25|4|79.05851218739|~|2|3.54|8|8.81|12.00|0.000|~|-0.8919|0.4127|2026-10-04T04:55:50.462726
miami|2026-10-04|6|27|26.67|0.33|31|-4|~|~|~|~|~|~|~|~|~|~|0.000|~|~|~|2026-10-04T04:55:50.462726
nyc|2026-09-02|35|23.33|19.0|4.33|26.67|-3.34|20.0|16.11|3.89|78.33|~|3.33|2.71|6|7.57|11.00|0.270|~|-0.8455|-0.2735|2026-10-04T04:55:51.439368
nyc|2026-09-03|34|30.56|20.56|10.00|23.33|7.23|23.33|20.0|3.33|81.58|~|7.23|2.80|6|7.80|12.00|0.290|~|0.9178|0.1557|2026-10-04T04:55:51.439368
nyc|2026-09-04|24|28.89|24.44|4.45|30.56|-1.67|25.56|20.0|5.56|71.43|~|3.33|3.33|4|11.56|15.00|0.080|~|0.5902|-0.7766|2026-10-04T04:55:51.439368
nyc|2026-09-05|24|26.11|21.67|4.44|28.89|-2.78|23.33|15.0|8.33|59.51|~|2.78|4.22|6|10.00|12.00|0.000|~|0.2980|-0.8768|2026-10-04T04:55:51.439368
nyc|2026-09-06|123|23.89|18.89|5.00|26.11|-2.22|20|17|3|82.871929790445|~|3.89|5.55|8|6.26|10.00|0.000|~|-0.7666|-0.5108|2026-10-04T04:55:51.439368
nyc|2026-09-07|24|26.11|18.89|7.22|23.89|2.22|21.11|11.11|10.00|52.83|~|5.00|1.56|2|8.44|14.00|0.000|~|0.0526|-0.9012|2026-10-04T04:55:51.439368
nyc|2026-09-08|26|26.67|20.0|6.67|26.11|0.56|22.22|13.33|8.89|57.14|~|4.45|2.40|4|7.20|10.00|0.000|~|0.5412|-0.7946|2026-10-04T04:55:51.439368
nyc|2026-09-09|24|28.33|21.67|6.66|26.67|1.66|23.89|17.78|6.11|68.68|~|4.44|2.67|6|11.33|14.00|0.000|~|-0.1778|0.9693|2026-10-04T04:55:51.439368
nyc|2026-09-10|24|30.56|22.78|7.78|28.33|2.23|24.44|19.44|5.00|73.73|~|6.12|2.00|2|8.56|13.00|0.040|~|0.8624|-0.3078|2026-10-04T04:55:51.439368
nyc|2026-09-11|24|26.67|22.22|4.45|30.56|-3.89|22.22|11.11|11.11|49.37|~|4.45|2.00|2|7.89|10.00|0.000|~|0.3573|-0.8175|2026-10-04T04:55:51.439368
nyc|2026-09-12|149|26|19.44|6.56|26.67|-0.67|21.11|15.0|6.11|68.12|~|4.89|2.58|6|10.62|14.00|0.000|~|-0.2217|0.9066|2026-10-04T04:55:51.439368
nyc|2026-09-13|300|28|21|7|26|2|22|21|1|94.06252427588|~|6|5.84|8|4.04|8.01|2.718|~|-0.0120|-0.8744|2026-10-04T04:55:51.439368
nyc|2026-09-14|334|26|18|8|28|-2|21|12|9|56.411645702143|~|5|0.89|2|11.26|17.01|0.000|~|0.3957|-0.8596|2026-10-04T04:55:51.439368
nyc|2026-09-15|337|22.22|16|6.22|26|-3.78|17|9|8|59.28213477523|~|5.22|1.02|2|7.51|10.00|0.000|~|-0.6252|-0.4229|2026-10-04T04:55:51.439368
nyc|2026-09-16|336|26|18|8|22.22|3.78|20|13|7|64.068288820119|~|6|1.77|6|8.17|13.00|0.000|~|0.2657|0.8395|2026-10-04T04:55:51.439368
nyc|2026-09-17|336|29|22.78|6.22|26|3|23.9|20.6|3.3|81.802603756194|~|5.1|4.96|8|9.13|15.01|0.000|~|-0.2574|0.9206|2026-10-04T04:55:51.439368
nyc|2026-09-18|342|27.22|21.67|5.55|29|-1.78|23.3|18.9|4.4|76.325722453238|~|3.92|3.25|8|8.74|13.00|0.000|~|-0.0531|-0.9629|2026-10-04T04:55:51.439368
nyc|2026-09-19|336|22|17.78|4.22|27.22|-5.22|18|8|10|52.013467849557|~|4|4.52|8|10.87|16.00|0.000|~|-0.6985|-0.6355|2026-10-04T04:55:51.439368
nyc|2026-09-20|359|22.22|18|4.22|22|0.22|18|17|1|93.884545007364|~|4.22|7.43|8|8.09|13.00|0.601|~|-0.4040|0.8717|2026-10-04T04:55:51.439368
nyc|2026-09-21|344|22|17|5|22.22|-0.22|17|13|4|77.309999878277|~|5|1.71|8|11.70|16.00|0.101|~|-0.7381|-0.6166|2026-10-04T04:55:51.439368
nyc|2026-09-22|336|21|15.56|5.44|22|-1|16.67|10.56|6.11|67.19|1025.2|4.33|4.19|8|16.32|22.00|0.000|~|-0.7838|-0.5969|2026-10-04T04:55:51.439368
nyc|2026-09-23|338|21.11|13.89|7.22|21|0.11|16|11|5|72.218947621294|~|5.11|3.80|6|19.42|24.01|0.000|~|-0.8333|-0.5383|2026-10-04T04:55:51.439368
nyc|2026-09-24|343|21|12|9|21.11|-0.11|13|9|4|76.681069549305|~|8|3.02|8|15.78|23.00|0.000|~|-0.7700|-0.6085|2026-10-04T04:55:51.439368
nyc|2026-09-25|336|21|14|7|21|0|15.0|6.67|8.33|57.44|1020.0|6.0|0.66|6|16.42|20.99|0.101|~|-0.3676|-0.9212|2026-10-04T04:55:51.439368
nyc|2026-09-26|338|17.22|13.89|3.33|21|-3.78|13.9|11.7|2.2|86.590548811883|~|3.32|7.63|8|17.87|20.99|1.171|~|-0.2882|-0.9530|2026-10-04T04:55:51.439368
nyc|2026-09-27|365|18|15|3|17.22|0.78|16|15|1|93.792573905746|~|2|7.54|8|17.68|27.00|3.050|~|-0.8193|-0.5589|2026-10-04T04:55:51.439368
nyc|2026-09-28|355|17.22|15|2.22|18|-0.78|15|13|2|87.83845905654|~|2.22|7.63|8|8.75|11.99|1.044|~|-0.0006|-0.9663|2026-10-04T04:55:51.439368
nyc|2026-09-29|337|22|16|6|17.22|4.78|18|14|4|77.463474035403|~|4|6.45|8|7.76|13.00|0.000|~|0.7089|-0.6769|2026-10-04T04:55:51.439368
nyc|2026-09-30|340|23|17|6|22|1|17.8|13.3|4.5|74.954456791337|~|5.2|2.67|8|5.87|11.00|0.000|~|-0.1345|-0.5859|2026-10-04T04:55:51.439368
nyc|2026-10-01|336|26|19|7|23|3|21|17|4|77.915158291749|~|5|3.51|8|6.87|10.00|0.000|~|0.3314|0.8412|2026-10-04T04:55:51.439368
nyc|2026-10-02|338|30|20|10|26|4|22.22|17.78|4.44|75.96|1013.5|7.78|2.86|8|10.08|14.00|0.000|~|0.6673|0.6588|2026-10-04T04:55:51.439368
nyc|2026-10-03|335|22|16.67|5.33|30|-8|17|11|6|67.769403902783|~|5|1.20|4|11.13|17.01|0.000|~|-0.7640|-0.6044|2026-10-04T04:55:51.439368
nyc|2026-10-04|5|17|17|0|22|-5|~|~|~|~|~|~|~|~|~|~|0.000|~|~|~|2026-10-04T04:55:51.439368
san_francisco|2026-09-02|26|22.22|16.67|5.55|21.67|0.55|18.33|12.78|5.55|70.05|~|3.89|2.55|4|12.36|17.00|0.000|~|0.7996|0.3318|2026-10-04T04:55:52.421129
san_francisco|2026-09-03|31|21.67|15.56|6.11|22.22|-0.55|18.89|13.33|5.56|70.16|~|2.78|2.00|2|10.25|18.00|0.010|~|0.5568|0.8044|2026-10-04T04:55:52.421129
san_francisco|2026-09-04|27|21.67|14.44|7.23|21.67|0.00|17.78|12.22|5.56|69.94|~|3.89|2.00|2|11.56|16.00|0.000|~|0.9114|-0.3364|2026-10-04T04:55:52.421129
san_francisco|2026-09-05|28|22.78|15.0|7.78|21.67|1.11|17.22|12.22|5.00|72.44|~|5.56|2.00|2|14.11|19.00|0.000|~|0.8249|-0.3996|2026-10-04T04:55:52.421129
san_francisco|2026-09-06|132|21.67|15.56|6.11|22.78|-1.11|16|12|4|77.155040268598|~|5.67|2.00|2|13.90|22.00|0.000|~|0.9756|-0.1336|2026-10-04T04:55:52.421129
san_francisco|2026-09-07|24|26.67|13.89|12.78|21.67|5.00|17.22|12.78|4.44|75.13|~|9.45|0.00|0|7.89|20.00|0.000|~|0.5360|-0.4691|2026-10-04T04:55:52.421129
san_francisco|2026-09-08|24|30.0|16.11|13.89|26.67|3.33|20.0|15.0|5.0|72.95|~|10.0|3.33|6|8.56|16.00|0.000|~|0.4657|-0.5479|2026-10-04T04:55:52.421129
san_francisco|2026-09-09|24|33.89|18.89|15.00|30.0|3.89|21.67|17.22|4.45|75.87|~|12.22|5.11|6|8.78|15.00|0.000|~|0.4713|-0.5492|2026-10-04T04:55:52.421129
san_francisco|2026-09-10|24|28.89|16.11|12.78|33.89|-5.00|22.78|14.44|8.34|59.38|~|6.11|2.22|4|13.78|18.00|0.000|~|0.6616|-0.7427|2026-10-04T04:55:52.421129
san_francisco|2026-09-11|26|22.22|15.56|6.66|28.89|-6.67|17.22|13.89|3.33|80.77|~|5.00|2.00|2|12.80|17.00|0.000|~|0.8196|-0.5392|2026-10-04T04:55:52.421129
san_francisco|2026-09-12|198|22|15.56|6.44|22.22|-0.22|17.78|12.22|5.56|69.94|~|4.22|0.94|2|15.93|24.00|0.000|~|0.9965|0.0146|2026-10-04T04:55:52.421129
san_francisco|2026-09-13|342|22|15|7|22|0|17|13|4|77.309999878277|~|5|2.36|4|20.21|23.00|0.000|~|0.9293|-0.3493|2026-10-04T04:55:52.421129
san_francisco|2026-09-14|334|26|13|13|22|4|17.2|13.3|3.9|77.846834739521|~|8.8|0.75|2|11.32|20.00|0.000|~|0.7322|-0.5028|2026-10-04T04:55:52.421129
san_francisco|2026-09-15|341|23|13|10|26|-3|16|12|4|77.155040268598|~|7|1.62|2|10.71|17.00|0.000|~|0.7110|-0.2061|2026-10-04T04:55:52.421129
san_francisco|2026-09-16|345|19|14|5|23|-4|17|12|5|72.401374699018|~|2|5.97|8|13.93|20.00|0.000|~|0.9544|0.1862|2026-10-04T04:55:52.421129
san_francisco|2026-09-17|344|22|16|6|19|3|17.78|12.22|5.56|69.94|~|4.22|6.36|8|7.95|15.00|0.000|~|0.8858|0.2434|2026-10-04T04:55:52.421129
san_francisco|2026-09-18|344|21|14|7|22|-1|15.56|13.33|2.23|86.62|~|5.44|2.99|8|13.94|26.00|0.000|~|0.9192|-0.3394|2026-10-04T04:55:52.421129
san_francisco|2026-09-19|343|20|13.89|6.11|21|-1|15|13|2|87.83845905654|~|5|2.31|8|12.26|22.00|0.000|~|0.7752|-0.4665|2026-10-04T04:55:52.421129
san_francisco|2026-09-20|346|18|13.89|4.11|20|-2|14|12|2|87.749358083507|~|4|4.63|8|9.62|14.00|0.000|~|0.9217|0.0490|2026-10-04T04:55:52.421129
san_francisco|2026-09-21|343|20|14|6|18|2|14|12|2|87.749358083507|~|6|4.53|8|10.57|14.00|0.000|~|0.9022|0.3305|2026-10-04T04:55:52.421129
san_francisco|2026-09-22|355|19|13.89|5.11|20|-1|15|12|3|82.261352957573|~|4|3.31|8|11.79|20.00|0.000|~|0.9747|-0.0068|2026-10-04T04:55:52.421129
san_francisco|2026-09-23|340|26|12.78|13.22|19|7|14|12|2|87.749358083507|~|12|2.32|8|7.29|16.00|0.000|~|0.4063|-0.4568|2026-10-04T04:55:52.421129
san_francisco|2026-09-24|335|25|15|10|26|-1|16|13|3|82.385951628273|~|9|0.78|6|9.87|20.00|0.000|~|0.5041|-0.4956|2026-10-04T04:55:52.421129
san_francisco|2026-09-25|351|22|14|8|25|-3|17|16|1|93.838813960785|~|5|2.02|8|14.06|25.00|0.000|~|0.9784|-0.1587|2026-10-04T04:55:52.421129
san_francisco|2026-09-26|348|21|13|8|22|-1|15|11.7|3.3|80.650223331602|~|6|1.80|6|10.14|17.00|0.000|~|0.5316|-0.6199|2026-10-04T04:55:52.421129
san_francisco|2026-09-27|345|18.33|14|4.33|21|-2.67|15|12|3|82.261352957573|~|3.33|5.06|8|11.90|18.00|0.000|~|0.9810|0.1155|2026-10-04T04:55:52.421129
san_francisco|2026-09-28|341|21|13.89|7.11|18.33|2.67|14|11|3|82.135480367498|~|7|1.56|8|8.45|20.00|0.000|~|0.4031|-0.4896|2026-10-04T04:55:52.421129
san_francisco|2026-09-29|336|26|12.78|13.22|21|5|16|13|3|82.385951628273|~|10|0.00|0|9.66|19.00|0.000|~|0.6779|-0.5170|2026-10-04T04:55:52.421129
san_francisco|2026-09-30|334|26|13|13|26|0|18|13|5|72.582141630914|~|8|0.35|2|9.10|16.00|0.000|~|0.5253|-0.6229|2026-10-04T04:55:52.421129
san_francisco|2026-10-01|339|23|12|11|26|-3|14.44|12.22|2.22|86.51|1011.8|8.56|1.72|8|8.89|17.11|0.000|~|0.6195|-0.6112|2026-10-04T04:55:52.421129
san_francisco|2026-10-02|338|24|13|11|23|1|14|14|0|100|~|10|3.34|8|4.59|10.00|0.000|~|0.1462|-0.5621|2026-10-04T04:55:52.421129
san_francisco|2026-10-03|283|32|15|17|24|8|19.4|16.1|3.3|81.232642384103|~|12.6|0.43|2|6.54|14.00|0.000|~|0.2395|-0.5570|2026-10-04T04:55:52.421129
seattle|2026-09-02|26|20.56|12.78|7.78|18.89|1.67|17.22|11.67|5.55|69.83|~|3.34|3.60|8|8.70|14.00|0.240|~|0.1400|0.8393|2026-10-04T04:55:52.977776
seattle|2026-09-03|25|20.0|12.22|7.78|20.56|-0.56|13.33|10.0|3.33|80.23|~|6.67|2.22|4|6.44|12.00|0.110|~|0.5384|0.6083|2026-10-04T04:55:52.977776
seattle|2026-09-04|27|20.56|11.67|8.89|20.0|0.56|13.33|11.67|1.66|89.64|~|7.23|3.50|6|3.75|7.00|0.010|~|0.5244|-0.0734|2026-10-04T04:55:52.977776
seattle|2026-09-05|26|20.56|11.67|8.89|20.56|0.00|13.89|10.0|3.89|77.39|~|6.67|3.11|8|2.78|5.00|0.000|~|0.1250|0.5468|2026-10-04T04:55:52.977776
seattle|2026-09-06|124|22.78|12|10.78|20.56|2.22|15.0|10.56|4.44|74.75|~|7.78|2.00|2|6.44|8.00|0.000|~|0.5493|-0.6162|2026-10-04T04:55:52.977776
seattle|2026-09-07|29|21.11|13.89|7.22|22.78|-1.67|15.0|11.11|3.89|77.56|~|6.11|4.62|8|5.23|7.00|0.000|~|0.6436|0.1057|2026-10-04T04:55:52.977776
seattle|2026-09-08|24|23.33|13.33|10.00|21.11|2.22|16.11|11.67|4.44|74.94|~|7.22|2.00|2|7.33|13.00|0.000|~|0.2043|-0.8397|2026-10-04T04:55:52.977776
seattle|2026-09-09|27|25.0|12.78|12.22|23.33|1.67|14.44|12.22|2.22|86.51|~|10.56|2.67|6|6.11|7.00|0.000|~|0.9251|-0.3560|2026-10-04T04:55:52.977776
seattle|2026-09-10|24|21.11|14.44|6.67|25.0|-3.89|16.11|11.67|4.44|74.94|~|5.00|2.44|4|6.11|7.00|0.000|~|0.5634|-0.4419|2026-10-04T04:55:52.977776
seattle|2026-09-11|25|18.89|11.11|7.78|21.11|-2.22|13.89|8.89|5.00|71.81|~|5.00|2.67|4|6.00|9.00|0.000|~|0.4287|0.8562|2026-10-04T04:55:52.977776
seattle|2026-09-12|198|19|12.22|6.78|18.89|0.11|13.89|9.44|4.45|74.55|~|5.11|1.31|8|5.08|8.01|0.242|~|0.8303|-0.3513|2026-10-04T04:55:52.977776
seattle|2026-09-13|334|16|12|4|19|-3|12|12|0|100|~|4|7.64|8|8.78|11.99|1.607|~|0.0650|0.9208|2026-10-04T04:55:52.977776
seattle|2026-09-14|327|19|12|7|16|3|15|11.7|3.3|80.650223331602|~|4|6.36|8|5.87|9.00|0.000|~|0.3591|0.7850|2026-10-04T04:55:52.977776
seattle|2026-09-15|320|20|12|8|19|1|14|11|3|82.135480367498|~|6|5.30|8|7.84|13.00|0.022|~|-0.0069|-0.9321|2026-10-04T04:55:52.977776
seattle|2026-09-16|324|23.33|12|11.33|20|3.33|16|11|5|72.218947621294|~|7.33|0.41|2|10.37|14.00|0.000|~|0.0987|-0.9738|2026-10-04T04:55:52.977776
seattle|2026-09-17|311|25|12|13|23.33|1.67|14|12|2|87.749358083507|~|11|0.31|2|5.98|9.99|0.000|~|0.5854|-0.5546|2026-10-04T04:55:52.977776
seattle|2026-09-18|331|20|13|7|25|-5|14|12|2|87.749358083507|~|6|4.12|8|6.63|9.99|0.000|~|0.4326|0.8116|2026-10-04T04:55:52.977776
seattle|2026-09-19|324|17.22|11|6.22|20|-2.78|12|11|1|93.602371756764|~|5.22|6.43|8|2.68|6.01|0.000|~|0.7590|-0.0149|2026-10-04T04:55:52.977776
seattle|2026-09-20|328|21.11|10|11.11|17.22|3.89|13.33|11.11|2.22|86.4|~|7.78|0.88|4|5.74|8.01|0.000|~|0.4603|-0.5907|2026-10-04T04:55:52.977776
seattle|2026-09-21|312|19|11|8|21.11|-2.11|13|11|2|87.659298938668|~|6|1.32|6|4.83|9.00|0.000|~|0.4842|0.6925|2026-10-04T04:55:52.977776
seattle|2026-09-22|314|20|13|7|19|1|15|12|3|82.261352957573|~|5|3.29|8|5.42|9.99|0.000|~|0.6341|0.5932|2026-10-04T04:55:52.977776
seattle|2026-09-23|319|19|11.67|7.33|20|-1|12|9|3|81.879846925107|~|7|6.71|8|6.16|9.99|0.000|~|0.3686|0.5289|2026-10-04T04:55:52.977776
seattle|2026-09-24|318|17|11|6|19|-2|11|8|3|81.750052187031|~|6|3.14|8|7.76|11.00|0.401|~|0.1415|-0.9197|2026-10-04T04:55:52.977776
seattle|2026-09-25|343|17|10.56|6.44|17|0|14|11|3|82.135480367498|~|3|6.48|8|14.40|20.00|0.867|~|0.2883|0.8270|2026-10-04T04:55:52.977776
seattle|2026-09-26|305|17.8|8|9.8|17|0.8|10|6|4|76.193074639467|~|7.8|1.56|6|6.18|13.02|0.000|~|0.2351|-0.6155|2026-10-04T04:55:52.977776
seattle|2026-09-27|309|18|9|9|17.8|0.2|10|8|2|87.383237448204|~|8|0.36|6|10.08|15.01|0.000|~|0.0097|-0.9666|2026-10-04T04:55:52.977776
seattle|2026-09-28|313|18|7.78|10.22|18|0|9|7|2|87.289209441366|~|9|3.10|8|6.73|13.00|0.000|~|0.3210|0.8429|2026-10-04T04:55:52.977776
seattle|2026-09-29|334|17.22|11.67|5.55|18|-0.78|14|12|2|87.749358083507|~|3.22|7.10|8|12.10|16.00|0.022|~|0.4512|0.7743|2026-10-04T04:55:52.977776
seattle|2026-09-30|320|18|9|9|17.22|0.78|12|8|4|76.519987759453|~|6|2.41|8|7.30|9.99|0.000|~|-0.0060|-0.9320|2026-10-04T04:55:52.977776
seattle|2026-10-01|331|20|11|9|18|2|12|10|2|87.56826823315|~|8|2.37|8|2.98|6.03|0.000|~|0.7670|0.0835|2026-10-04T04:55:52.977776
seattle|2026-10-02|314|22|11.67|10.33|20|2|14|11|3|82.135480367498|~|8|5.04|8|6.17|10.00|0.000|~|0.3800|0.7861|2026-10-04T04:55:52.977776
seattle|2026-10-03|288|19|13|6|22|-3|14|13|1|93.698536677741|~|5|4.95|8|7.58|11.00|0.000|~|-0.1750|-0.9492|2026-10-04T04:55:52.977776
